M = [302.36 302.63 303.53 304.39 305.21 305.97 306.68 307.34 307.96 308.53 309.07 309.56 310.02 310.43 310.81 311.15 311.45 311.72 311.95 312.14 312.29 312.4 312.49 312.61 312.61 312.49 312.4 312.29 312.14 311.95 311.72 311.45 311.15 310.81 310.43 310.02 309.56 309.07 308.53 307.96 307.34 306.68 305.97 305.21 304.39 303.53 302.63 302.36 
302.07 302.3 304.7 307.56 309.18 309.76 310.07 309.67 309.94 310.37 310.81 311.23 311.62 311.98 312.3 312.59 312.85 313.07 313.26 313.42 313.56 313.71 313.94 314.51 314.51 313.94 313.71 313.56 313.42 313.26 313.07 312.85 312.59 312.3 311.98 311.62 311.23 310.81 310.37 309.94 309.67 310.07 309.76 309.18 307.56 304.7 302.3 302.07 
301.74 301.94 300.67 307.25 309.47 309.07 309.46 306.61 307.05 307.46 307.84 308.2 308.53 308.82 309.09 309.33 309.54 309.72 309.88 310 310.09 310.19 310.32 312.27 312.27 310.32 310.19 310.09 310 309.88 309.72 309.54 309.33 309.09 308.82 308.53 308.2 307.84 307.46 307.05 306.61 309.46 309.07 309.47 307.25 300.67 301.94 301.74 
301.38 301.58 300.53 306.58 307.66 302.87 307.35 306.14 308.09 308.9 309.38 309.75 310.07 310.36 310.62 310.85 311.04 311.21 311.35 311.45 311.52 311.49 311.07 307.24 307.24 311.07 311.49 311.52 311.45 311.35 311.21 311.04 310.85 310.62 310.36 310.07 309.75 309.38 308.9 308.09 306.14 307.35 302.87 307.66 306.58 300.53 301.58 301.38 
301 301.21 300.42 306.14 306.98 302.75 306.19 305.64 305.54 305.93 306.29 306.63 306.93 307.2 307.45 307.66 307.85 308 308.12 308.22 308.33 308.46 310.48 307.13 307.13 310.48 308.46 308.33 308.22 308.12 308 307.85 307.66 307.45 307.2 306.93 306.63 306.29 305.93 305.54 305.64 306.19 302.75 306.98 306.14 300.42 301.21 301 
300.58 300.82 300.3 305.85 306.65 302.65 304.28 305.13 305.12 307.81 308.19 308.49 308.76 309 309.22 309.41 309.57 309.71 309.83 309.94 310.07 310.25 310.54 307.03 307.03 310.54 310.25 310.07 309.94 309.83 309.71 309.57 309.41 309.22 309 308.76 308.49 308.19 307.81 305.12 305.13 304.28 302.65 306.65 305.85 300.3 300.82 300.58 
300.13 300.43 300.14 305.59 306.38 302.52 304.07 304.61 304.69 307.26 305.42 305.67 305.9 306.11 306.29 306.45 306.59 306.71 306.81 306.92 307.04 307.19 309.68 306.94 306.94 309.68 307.19 307.04 306.92 306.81 306.71 306.59 306.45 306.29 306.11 305.9 305.67 305.42 307.26 304.69 304.61 304.07 302.52 306.38 305.59 300.14 300.43 300.13 
299.65 300.02 299.95 305.26 306.05 302.35 303.51 303.75 304.23 306.38 305.15 305.32 305.48 305.63 305.76 305.88 305.98 306.09 306.21 306.33 306.47 306.62 309.34 306.82 306.82 309.34 306.62 306.47 306.33 306.21 306.09 305.98 305.88 305.76 305.63 305.48 305.32 305.15 306.38 304.23 303.75 303.51 302.35 306.05 305.26 299.95 300.02 299.65 
299.14 299.59 299.73 304.74 305.46 302.16 302.94 303.25 303.67 304.18 304.67 306.01 304.93 305.07 305.19 305.3 305.41 305.53 305.66 305.8 305.97 308.22 309.49 306.68 306.68 309.49 308.22 305.97 305.8 305.66 305.53 305.41 305.3 305.19 305.07 304.93 306.01 304.67 304.18 303.67 303.25 302.94 302.16 305.46 304.74 299.73 299.59 299.14 
298.6 299.16 299.49 303.79 304.16 301.94 302.35 302.74 303.14 303.58 304 304.4 304.78 304.98 305.16 305.32 305.46 305.58 305.68 305.8 305.92 306.07 309.01 306.52 306.52 309.01 306.07 305.92 305.8 305.68 305.58 305.46 305.32 305.16 304.98 304.78 304.4 304 303.58 303.14 302.74 302.35 301.94 304.16 303.79 299.49 299.16 298.6 
298.03 298.71 299.21 302.02 300.75 301.29 301.77 302.2 302.57 302.77 305.15 306.04 306.51 306.8 307.02 307.21 307.38 307.52 307.65 307.78 307.96 308.3 309.21 306.34 306.34 309.21 308.3 307.96 307.78 307.65 307.52 307.38 307.21 307.02 306.8 306.51 306.04 305.15 302.77 302.57 302.2 301.77 301.29 300.75 302.02 299.21 298.71 298.03 
297.42 298.24 298.91 299.62 300.17 300.7 301.21 301.71 302.33 302.7 303.05 303.38 303.68 303.95 304.19 304.41 304.59 304.75 304.88 304.98 305.1 305.25 308.47 306.14 306.14 308.47 305.25 305.1 304.98 304.88 304.75 304.59 304.41 304.19 303.95 303.68 303.38 303.05 302.7 302.33 301.71 301.21 300.7 300.17 299.62 298.91 298.24 297.42 
296.78 297.76 298.6 299.06 299.59 300.13 300.64 301.07 301.28 303.74 304.65 305.13 305.47 305.75 306 306.21 306.4 306.56 306.7 306.84 307.03 307.44 308.57 305.91 305.91 308.57 307.44 307.03 306.84 306.7 306.56 306.4 306.21 306 305.75 305.47 305.13 304.65 303.74 301.28 301.07 300.64 300.13 299.59 299.06 298.6 297.76 296.78 
296.1 297.27 297.82 298.4 298.99 299.57 300.16 300.82 301.22 301.61 301.96 302.29 302.59 302.86 303.11 303.32 303.51 303.67 303.79 303.91 304.03 304.17 307.73 305.66 305.66 307.73 304.17 304.03 303.91 303.79 303.67 303.51 303.32 303.11 302.86 302.59 302.29 301.96 301.61 301.22 300.82 300.16 299.57 298.99 298.4 297.82 297.27 296.1 
295.39 296.21 297.01 297.73 298.37 298.98 299.57 301.77 302.66 303.17 303.57 303.92 304.22 304.5 304.75 304.98 305.17 305.34 305.49 305.63 305.85 306.34 307.8 305.39 305.39 307.8 306.34 305.85 305.63 305.49 305.34 305.17 304.98 304.75 304.5 304.22 303.92 303.57 303.17 302.66 301.77 299.57 298.98 298.37 297.73 297.01 296.21 295.39 
293 295.16 296.26 297.1 297.79 298.37 298.85 299.3 299.73 300.13 300.51 300.85 301.16 301.45 301.71 301.93 302.13 302.31 302.45 302.57 302.68 302.82 307 305.09 305.09 307 302.82 302.68 302.57 302.45 302.31 302.13 301.93 301.71 301.45 301.16 300.85 300.51 300.13 299.73 299.3 298.85 298.37 297.79 297.1 296.26 295.16 293 
293 294.39 295.76 296.62 297.32 297.85 300.01 300.87 301.38 301.76 302.1 302.4 302.68 302.93 303.15 303.35 303.53 303.71 303.95 304.47 306.04 306.99 307.58 304.78 304.78 307.58 306.99 306.04 304.47 303.95 303.71 303.53 303.35 303.15 302.93 302.68 302.4 302.1 301.76 301.38 300.87 300.01 297.85 297.32 296.62 295.76 294.39 293 
293 294.1 295.19 296.27 296.99 297.36 297.73 298.08 298.41 298.71 299 299.26 299.5 299.71 299.9 300.06 300.2 300.32 300.45 300.6 305.27 306.79 306.81 304.44 304.44 306.81 306.79 305.27 300.6 300.45 300.32 300.2 300.06 299.9 299.71 299.5 299.26 299 298.71 298.41 298.08 297.73 297.36 296.99 296.27 295.19 294.1 293 
293 293.64 294.26 294.87 295.46 296.02 296.58 297.11 297.63 298.13 298.62 299.09 299.56 300.01 300.45 300.88 301.3 301.72 302.13 302.54 302.95 303.34 303.72 304.08 304.08 303.72 303.34 302.95 302.54 302.13 301.72 301.3 300.88 300.45 300.01 299.56 299.09 298.62 298.13 297.63 297.11 296.58 296.02 295.46 294.87 294.26 293.64 293 
293 293.59 294.16 294.71 295.24 295.74 296.22 296.68 297.11 297.52 297.91 298.27 298.61 298.92 299.21 299.47 299.71 299.92 300.1 300.25 300.38 300.5 300.64 300.82 300.82 300.64 300.5 300.38 300.25 300.1 299.92 299.71 299.47 299.21 298.92 298.61 298.27 297.91 297.52 297.11 296.68 296.22 295.74 295.24 294.71 294.16 293.59 293 
293 295.33 296.38 297.07 297.64 298.17 298.66 299.12 299.56 299.97 300.36 300.72 301.05 301.36 301.64 301.9 302.13 302.33 302.51 302.66 302.79 302.93 303.07 303.2 303.2 303.07 302.93 302.79 302.66 302.51 302.33 302.13 301.9 301.64 301.36 301.05 300.72 300.36 299.97 299.56 299.12 298.66 298.17 297.64 297.07 296.38 295.33 293 
293 293.63 294.24 294.82 295.37 295.9 296.39 296.86 297.3 297.72 298.1 298.46 298.79 299.1 299.37 299.62 299.85 300.04 300.21 300.35 300.48 300.62 300.78 300.97 300.97 300.78 300.62 300.48 300.35 300.21 300.04 299.85 299.62 299.37 299.1 298.79 298.46 298.1 297.72 297.3 296.86 296.39 295.9 295.37 294.82 294.24 293.63 293 
293 295.3 296.31 296.97 297.51 298 298.45 298.88 299.29 299.67 300.02 300.35 300.65 300.93 301.18 301.41 301.61 301.79 301.95 302.1 302.27 302.51 302.99 304.35 304.35 302.99 302.51 302.27 302.1 301.95 301.79 301.61 301.41 301.18 300.93 300.65 300.35 300.02 299.67 299.29 298.88 298.45 298 297.51 296.97 296.31 295.3 293 
293 293.52 294.02 294.5 294.96 295.4 295.81 296.2 296.57 296.91 297.24 297.53 297.81 298.06 298.29 298.5 298.68 298.84 298.97 299.11 299.27 299.43 299.61 304.34 304.34 299.61 299.43 299.27 299.11 298.97 298.84 298.68 298.5 298.29 298.06 297.81 297.53 297.24 296.91 296.57 296.2 295.81 295.4 294.96 294.5 294.02 293.52 293 
