M = [302.71 302.91 303.51 304.09 304.64 305.15 305.65 306.14 306.61 307.07 307.5 307.91 308.3 308.67 309.02 309.35 309.66 309.95 310.23 310.48 310.72 310.94 311.13 311.31 311.47 311.62 311.74 311.84 311.93 312 312.08 312.18 312.18 312.08 312 311.93 311.84 311.74 311.62 311.47 311.31 311.13 310.94 310.72 310.48 310.23 309.95 309.66 309.35 309.02 308.67 308.3 307.91 307.5 307.07 306.61 306.14 305.65 305.15 304.64 304.09 303.51 302.91 302.71 
302.49 302.69 305.49 306.87 307.15 306.15 302.99 306.49 307.79 307.92 308.23 308.57 308.91 309.24 309.56 309.86 310.15 310.42 310.69 310.94 311.17 311.39 311.6 311.78 311.94 312.08 312.21 312.31 312.42 312.56 312.88 313.83 313.83 312.88 312.56 312.42 312.31 312.21 312.08 311.94 311.78 311.6 311.39 311.17 310.94 310.69 310.42 310.15 309.86 309.56 309.24 308.91 308.57 308.23 307.92 307.79 306.49 302.99 306.15 307.15 306.87 305.49 302.69 302.49 
302.26 302.46 306.28 308.15 308.33 306.71 302.88 306.46 307.54 306 306.32 306.63 306.93 307.22 307.51 307.78 308.05 308.31 308.56 308.81 309.05 309.27 309.48 309.66 309.82 309.97 310.09 310.19 310.27 310.34 310.43 313.82 313.82 310.43 310.34 310.27 310.19 310.09 309.97 309.82 309.66 309.48 309.27 309.05 308.81 308.56 308.31 308.05 307.78 307.51 307.22 306.93 306.63 306.32 306 307.54 306.46 302.88 306.71 308.33 308.15 306.28 302.46 302.26 
302.01 302.22 306.43 308.52 308.7 306.88 302.79 306.32 307.29 305.67 304.87 305.06 305.23 305.39 305.53 305.65 305.75 305.83 305.92 306.02 309.57 310.86 311.42 311.73 311.94 312.1 312.24 312.37 312.52 312.78 313.32 314.6 314.6 313.32 312.78 312.52 312.37 312.24 312.1 311.94 311.73 311.42 310.86 309.57 306.02 305.92 305.83 305.75 305.65 305.53 305.39 305.23 305.06 304.87 305.67 307.29 306.32 302.79 306.88 308.7 308.52 306.43 302.22 302.01 
301.75 301.95 306.09 308.2 308.48 306.73 302.69 306.14 307.02 305.32 304.67 304.83 306.29 306.85 307.16 307.39 307.59 307.79 308.04 308.5 309.76 310.56 311.02 311.31 311.51 311.66 311.79 311.92 312.07 312.33 312.85 314.06 314.06 312.85 312.33 312.07 311.92 311.79 311.66 311.51 311.31 311.02 310.56 309.76 308.5 308.04 307.79 307.59 307.39 307.16 306.85 306.29 304.83 304.67 305.32 307.02 306.14 302.69 306.73 308.48 308.2 306.09 301.95 301.75 
301.47 301.66 305.19 307.11 307.66 306.27 302.56 305.93 306.74 304.96 304.45 305.33 305.66 305.97 306.27 306.56 306.83 307.09 307.34 307.58 307.8 308 308.19 308.36 308.51 308.64 308.76 308.85 308.92 309.01 309.1 312.12 312.12 309.1 309.01 308.92 308.85 308.76 308.64 308.51 308.36 308.19 308 307.8 307.58 307.34 307.09 306.83 306.56 306.27 305.97 305.66 305.33 304.45 304.96 306.74 305.93 302.56 306.27 307.66 307.11 305.19 301.66 301.47 
301.17 301.35 303.31 304.78 306.2 305.53 302.4 305.7 306.43 304.59 304.21 305 306.22 306.76 307.12 307.4 307.67 307.91 308.14 308.35 308.55 308.73 308.89 309.04 309.17 309.28 309.38 309.48 309.61 309.81 310.3 310.61 310.61 310.3 309.81 309.61 309.48 309.38 309.28 309.17 309.04 308.89 308.73 308.55 308.35 308.14 307.91 307.67 307.4 307.12 306.76 306.22 305 304.21 304.59 306.43 305.7 302.4 305.53 306.2 304.78 303.31 301.35 301.17 
300.85 301.03 303.15 299.92 304.2 304.66 302.21 305.42 306.08 304.2 303.96 304.66 304.86 305.15 305.42 305.68 305.92 306.14 306.35 306.54 306.71 306.87 307.01 307.13 307.24 307.33 307.41 307.5 307.6 307.73 309.07 306.8 306.8 309.07 307.73 307.6 307.5 307.41 307.33 307.24 307.13 307.01 306.87 306.71 306.54 306.35 306.14 305.92 305.68 305.42 305.15 304.86 304.66 303.96 304.2 306.08 305.42 302.21 304.66 304.2 299.92 303.15 301.03 300.85 
300.51 300.7 301.92 299.8 303.42 304.09 302 305.08 305.67 303.81 303.7 304.32 304.56 305.78 306.68 306.83 307.02 307.21 307.38 307.55 307.7 307.84 307.96 308.07 308.17 308.26 308.35 308.45 308.57 308.7 308.86 306.69 306.69 308.86 308.7 308.57 308.45 308.35 308.26 308.17 308.07 307.96 307.84 307.7 307.55 307.38 307.21 307.02 306.83 306.68 305.78 304.56 304.32 303.7 303.81 305.67 305.08 302 304.09 303.42 299.8 301.92 300.7 300.51 
300.16 300.35 301.42 299.7 303 303.66 301.76 304.63 305.13 303.4 303.43 303.97 304.25 304.14 306.07 305.34 305.51 305.68 305.83 305.97 306.1 306.22 306.32 306.42 306.5 306.59 306.68 306.79 306.91 307.05 308.35 306.6 306.6 308.35 307.05 306.91 306.79 306.68 306.59 306.5 306.42 306.32 306.22 306.1 305.97 305.83 305.68 305.51 305.34 306.07 304.14 304.25 303.97 303.43 303.4 305.13 304.63 301.76 303.66 303 299.7 301.42 300.35 300.16 
299.79 300 301.12 299.6 302.63 303.2 301.51 303.94 304.2 302.97 303.15 303.61 303.93 303.99 305.53 305.14 305.31 305.46 305.61 305.75 305.89 306.01 306.13 306.24 306.34 306.42 306.51 306.61 306.72 306.86 308.3 306.52 306.52 308.3 306.86 306.72 306.61 306.51 306.42 306.34 306.24 306.13 306.01 305.89 305.75 305.61 305.46 305.31 305.14 305.53 303.99 303.93 303.61 303.15 302.97 304.2 303.94 301.51 303.2 302.63 299.6 301.12 300 299.79 
299.41 299.63 300.86 299.49 302.11 302.4 301.22 302.84 302.17 302.54 302.86 303.24 303.6 303.86 304.33 304.78 304.87 304.97 305.08 305.19 305.31 305.46 307.3 307.96 308.26 308.43 308.57 308.73 308.95 309.18 308.87 306.43 306.43 308.87 309.18 308.95 308.73 308.57 308.43 308.26 307.96 307.3 305.46 305.31 305.19 305.08 304.97 304.87 304.78 304.33 303.86 303.6 303.24 302.86 302.54 302.17 302.84 301.22 302.4 302.11 299.49 300.86 299.63 299.41 
299 299.25 300.59 299.35 301.31 300.47 300.93 301.4 301.78 302.15 302.5 302.88 303.37 303.62 304.72 305.22 305.45 305.62 305.77 305.92 306.09 306.37 307.04 307.46 307.7 307.86 308.01 308.2 308.55 309.44 308.98 306.35 306.35 308.98 309.44 308.55 308.2 308.01 307.86 307.7 307.46 307.04 306.37 306.09 305.92 305.77 305.62 305.45 305.22 304.72 303.62 303.37 302.88 302.5 302.15 301.78 301.4 300.93 300.47 301.31 299.35 300.59 299.25 299 
298.58 298.86 300.29 299.19 300.73 300.27 300.62 301.02 301.4 301.76 302.1 302.42 302.65 302.88 303.1 303.31 303.5 303.69 303.86 304.02 304.16 304.3 304.42 304.52 304.62 304.7 304.8 304.91 305.03 308.43 308.66 306.25 306.25 308.66 308.43 305.03 304.91 304.8 304.7 304.62 304.52 304.42 304.3 304.16 304.02 303.86 303.69 303.5 303.31 303.1 302.88 302.65 302.42 302.1 301.76 301.4 301.02 300.62 300.27 300.73 299.19 300.29 298.86 298.58 
298.14 298.46 299.93 299.02 299.53 299.9 300.26 300.64 301.02 301.38 301.72 302.02 302.25 302.46 302.66 302.85 303.03 303.19 303.35 303.49 303.61 303.73 303.83 303.93 304.02 304.12 304.22 304.33 304.46 307.99 308.38 306.14 306.14 308.38 307.99 304.46 304.33 304.22 304.12 304.02 303.93 303.83 303.73 303.61 303.49 303.35 303.19 303.03 302.85 302.66 302.46 302.25 302.02 301.72 301.38 301.02 300.64 300.26 299.9 299.53 299.02 299.93 298.46 298.14 
297.69 298.05 299.33 298.84 299.15 299.51 299.89 300.27 300.64 301.01 301.36 301.7 302.82 303.27 303.53 303.73 303.91 304.07 304.22 304.35 304.47 304.58 304.69 304.79 304.89 305.02 305.2 305.58 306.63 308.07 308.14 306.01 306.01 308.14 308.07 306.63 305.58 305.2 305.02 304.89 304.79 304.69 304.58 304.47 304.35 304.22 304.07 303.91 303.73 303.53 303.27 302.82 301.7 301.36 301.01 300.64 300.27 299.89 299.51 299.15 298.84 299.33 298.05 297.69 
297.21 297.62 297.9 298.33 298.72 299.1 299.49 299.88 300.27 300.66 301.02 301.24 301.46 301.66 301.86 302.04 302.2 302.36 302.5 302.63 302.74 302.85 302.94 303.04 303.15 303.26 303.39 303.54 305.82 306.93 307.51 305.86 305.86 307.51 306.93 305.82 303.54 303.39 303.26 303.15 303.04 302.94 302.85 302.74 302.63 302.5 302.36 302.2 302.04 301.86 301.66 301.46 301.24 301.02 300.66 300.27 299.88 299.49 299.1 298.72 298.33 297.9 297.62 297.21 
296.72 297.19 297.46 297.86 298.27 298.69 299.09 299.5 299.9 300.32 300.79 301.04 301.27 301.49 301.7 301.9 302.09 302.27 302.43 302.58 302.72 302.86 302.97 303.08 303.18 303.27 303.37 303.48 303.58 303.71 306.51 305.7 305.7 306.51 303.71 303.58 303.48 303.37 303.27 303.18 303.08 302.97 302.86 302.72 302.58 302.43 302.27 302.09 301.9 301.7 301.49 301.27 301.04 300.79 300.32 299.9 299.5 299.09 298.69 298.27 297.86 297.46 297.19 296.72 
